3
1307
643712
1
3022
643712
643713
643729
3
343
643712
643723
2
875
643712
2
932
643712
643717
2
62
2472
643712
643715
1
9
871
643712
643713
2
7
1020
643712
643731
11
172
1842
643712
643713
643718
1
2
1351
643712
643715
4
861
643712
643721
4
365
643712
643713
643724
6
416
643713
643714
643715
15
348
643713
643714
1
5
268
643712
643713
1
5
265
643712
643717
109
872
168255
643712
643720
3
266
328741
643712
643713
3
841
643712
643713
643716
327
643712
643713
643714
1
3863
643712
643713
643715
318
643712
643714
5
309
643712
1
11
12908
643712
643733
1
853
643712
643731
359
643714
643715
643719
3
5
643712
3
9
299
643712
643713
7
1794
643712
643713
643727
206
1848
643716
643717
643739
2
9
66
2011
643712
643713
643722
4
7
297
643712
643713
1
2
303
643714
643725
8
374
643712
643713
643721
1
8
375
643712
643713
643736
3
891
643712
643713
1
2025
643713
1
2
643716
643717
643718
13
995
643712
643713
6
337
643712
643738
2
352
643712
643713
3
316
643712
1
5
327
643713
643714
643727
817
643712
643713
643719
2
16
1021
643712
1
848
643713
643728
793
643712
8
322
643712
643713
643715
256
3067
643712
643713
643733
2
423
188587
643747
643748
643772
1
1372
643712
643713
4
299
354380
643712
643713
1
4
257
643712
643715
1
374
643713
643722
643727
2
781
643713
1
4336
643716
643717
643718
7
2885
643714
643717
1
2
2007
643712
15
10375
643712
643722
43
9242
179032
643712
643713
643724
2
13
2827
643712
1
4
322
643712
643713
643720
1
256
643712
643766
1
256
643713
643760
3
369
643712
643732
1
294
643712
643720
1
4
1327
643712
643717
2
262
643712
643722
1
6
1348
643717
5
832
643712
643714
2
980
643712
643713
643714
2
342
643712
643713
643715
1
7
869
643712
643713
6
1386
643712
643723
40
475
643712
643719
1
881
643712
643714
643740
31
4172
177178
643712
643720
1
333
643712
643713
643714
1
2
1442
643712
6
20254
643712
1
4
1803
643712
643713
2
833
643712
643713
643725
2
7
771
643712
643716
1
15
300
643712
643719
2
278
643713
643715
1
5172
287158
643712
643713
1
16
457
643712
643713
1493
643712
643713
643718
4
447
643712
643713
1
5
7
1970
643712
643724
1
1391
643714
643715
643716
1
299
643712
643728
3
884
643712
11
15946
643712
643719
12
1880
643712
643713
54
3434
643712
643713
3
8
275
643712
643715
1
4
399
643712
643713
1
5
987
643712
643718
1
7779
643712
643713
643715
3
898
643712
1
15
389
643712
1
4
791
643712
2
6
1994
643712
643716
8
357
643712
643713
1
344
643712
643715
1
259
643714
643717
2
273
643712
643722
1
365
643712
643716
1
6
507
643712
643713
1
8754
643713
643714
643719
3410
643712
1
339
643713
643714
643725
351
643712
643725
1
5
302
643712
7
7792
643712
643713
643719
2
266
643712
643713
1
1872
643712
643723
7
847
643712
643713
4
453
643713
643717
458
643712
643717
1
3
275
643713
1
1510
643712
643713
1
5
5325
643712
643716
14
871
643714
643763
1
273
298
643712
643719
1380
643712
1
25
1841
643712
643713
643716
296
643717
643749
19
786
643712
643715
643717
74
3442
643712
7
378
643712
643713
643714
3
1997
292073
643712
1
16
963
643712
5
280
643712
643738
4
266
643712
643740
12
481
643712
643713
272
643712
643713
643727
1
14
2974
643712
1
11
1975
643712
643713
4
455
643712
643713
1
834
643713
643727
1
5
1440
643712
1
2
330
643712
2
818
643713
643743
16
269
643712
643735
1
2898
643712
643713
266
643712
643715
4
329
643712
643715
2
270
643712
643717
1
29
404
643712
643713
643731
1
1393
643712
643713
1
10
479
643714
643716
643724
3
23
305
643712
643714
1
986
643712
643717
1
2
5
370
643725
643755
16
977
643718
1
3
854
643712
643713
643714
643722
1
34
1393
643716
1
961
643712
643715
4
374
643712
643716
1
52
290
643712
1
2
7
266
643712
643732
7
272
643712
643728
256
511
643715
643716
2
3
422
643712
643713
1
338
479553
643716
643717
643718
4
1474
643713
643730
1
880
643712
643716
1
2
365
643712
643714
1
2
3
337
643712
10
454
643712
643714
8
2368
643712
643713
643716
1
292
643712
3
787
643712
643716
1
2
5
1861
643712
643714
3
291
643712
643738
4
14570
643712
643714
1
4
362
643712
320
643712
643713
643718
1
3
2538
643712
643720
1
1826
643715
643719
643728
1
2
488
643712
643716
1
2
4038
643712
643725
2
3
459
643713
643748
1
3
1848
643728
2
27
11369
403070
2084619
66
11318
643712
1
803
643712
2
5
4709
643713
643727
1
1944
643712
643713
5
333
643712
643724
2
290
643712
643713
2
3
451
643712
643713
2
3
4
898
643713
1
10
270
643712
643713
643730
3
3060
643712
643713
2
945
347505
643712
643715
6
352
643712
7
960
643713
643716
4
300
643712
643714
5
14
319
643712
643740
1
4
2895
278862
1
2
13
3485
643712
3
509
643712
3
799
643715
2
5
788
643712
643717
66
1398
643712
643716
3
853
643712
643713
643714
643725
1
8
415
643712
643713
5
7
453
643713
643714
1
2
7
2340
643712
643713
643717
9
2892
643712
17
473
643712
643725
3
4010
643713
643714
643738
1
6
280
643712
643740
2
17764
643712
643713
643724
6
5705
643712
643713
643715
13
1488
643712
643721
332
643712
643713
643725
1
38
284
643712
643713
8
469
643713
1
4
478
643712
3
815
643712
643715
643723
9
876
643712
643713
1
808
643713
643715
643736
19
4680
643714
643715
481
643712
643713
345
643712
643713
1
4
324
643712
643717
1
3
289
643712
643713
643723
2
392
643712
3
455
643712
643717
1
19
265
643712
643715
1
2
293
643713
643750
1
1512
4078
643712
643715
1
20
298
643717
643718
643722
3
269
643712
643715
302
643712
643717
643731
6
288
643712
643713
1
433
643713
643714
643726
9
387
643713
643715
1
6848
643712
643713
643716
1
2
325
643712
643723
8
4844
414561
643712
643716
2
10
5648
643712
643724
31
2863
643717
643718
1
386
9305
643712
643713
643714
1
268
643712
643718
2
3
8
1410
643712
643713
643731
1
2536
8271
643713
19
290
257835
643712
13
326
643714
643715
643743
305
643712
1
882
643712
643713
643743
1
397
643712
643716
4
900
643713
643715
5
359
643712
643759
643760
1
7754
643712
643713
1
24
323
643712
643715
1
7
303
643712
643713
643714
6737
643715
643719
22
791
643712
643715
1
3
836
643712
643718
1
5
1891
643712
643713
643734
1
7
396
643712
643713
16
20594
643712
643713
643728
4
359
643712
643733
16
870
643712
643713
643714
2
3916
643712
643714
2
325
643712
643713
18
24
2039
643712
643715
125
872
643712
643713
643714
643751
1
329
643712
643718
1
5
263
643712
643713
2
457
643712
643713
643729
13
346
643712
643728
2
455
643712
643713
643718
6
258
643712
643718
9
3519
643712
643713
643727
1
371
643712
643714
1
34
44
378
643712
643715
6
844
643712
643718
7
1385
643712
643714
643730
1
411
643712
1
256
643712
643713
2
287
643712
643724
1
6
2510
643712
643719
1
1798
643712
643713
643718
6
5350
643712
643722
6
851
643714
643715
643718
320
643712
1
2
4
849
643712
10
1917
643712
643717
2
328
643712
643718
1
17
837
643713
643717
5
3912
643712
1
62
833
643712
643714
1
1316
616848
643712
643721
3
1295
643712
643717
