2
4
14
306
643712
643740
1
28
2849
643712
643722
1
11
1514
643713
643714
643715
15
341
643712
643713
2
22
10831
643713
643765
1
8
1875
643716
643717
643718
7
907
643712
336
643721
643722
27
298
643712
8
2937
643712
643713
643714
1
279
6986
643712
643726
1
3
423
643712
643713
643746
5
475
643712
643713
6
294
643712
1
4
355
643712
643713
2
4
267
643712
643713
1
1431
643712
643719
1
2
5
8
359
643712
643714
1
3
272
643713
1
3
263
643712
3
276
643712
643723
281
824
643712
643715
1
3
325
643712
643713
643755
6
1325
643713
643714
643715
1
269
643712
643713
643752
21
3394
18064
643712
1
3
862
643712
643731
1
9
768
643712
643733
1
4
271
643712
3
124
7902
643716
643717
1
2
1308
643712
643725
10
4680
643713
643715
643716
1
52
304
643712
643713
643724
1
7
267
643712
643716
1
3
4
12
298
5145
643712
643773
1
15
263
643712
643713
643772
1
7
462
643712
643722
259
643712
643713
1
2
24
370
643712
643720
2
305
643712
643713
2822
643712
643717
4
2306
643710
334
643712
643716
643746
1
3053
643712
643730
8
746
643712
4
340
643712
643725
1
283
643712
643713
5
369
643712
643752
5341
643712
643751
2
330
643712
643724
8
331
643713
643727
2
323
643713
643727
1
8
278
643712
643714
643724
14
285
643712
643713
1
7
910
643712
643716
2
1952
643712
1
6
11
4664
643712
643743
1
3
327
643712
1
13
487
643719
643774
3
1323
643712
643713
643737
1
3
6
300
13829
643712
643713
1
4
497
643712
643724
387
643712
643719
1
3
325
643712
643713
12
298
643712
643713
1
1805
643712
2
282
643712
1
380
643712
643717
1
264
643712
643713
643725
1
280
643713
643715
256
643712
643719
14
834
643712
643764
2
11
825
643713
643714
643715
44
905
643712
643713
643714
8
8282
643712
1
2
3
4
775
643712
643713
643716
2
8
1348
643714
1
774
643712
3
806
643712
1
5
318
643712
1
4
3968
643715
643716
643744
1
3
822
643721
643729
1
9
5716
643714
643715
643716
2
272
643712
1
2384
643712
643717
2
876
643712
643722
1
18254
643712
643727
1
332
643715
643716
643718
5
958
643712
643757
1
274
643713
643714
643717
1
4
5860
643712
643713
643714
1
9
944
9649
643712
643717
3
2926
258005
643712
1
9
15
295
643712
643713
30
1498
643712
643713
643714
23
307
643714
643715
643716
1
3280
643712
643714
1
2
771
643712
643715
1
802
643713
643714
1
3
303
643712
643719
2
261
643712
643719
1
294
643713
643728
3
290
643712
643713
474
643712
1
795
643713
643714
643715
1
3
286
643712
1
1802
643712
643713
1
2
21
323
643712
643713
643719
1
2
378
643712
643717
1
1350
643712
643723
1
797
161650
643712
2
4
261
643712
643713
5
349
643713
643714
20
1826
643712
643713
2
256
643712
643751
4
277
643712
643714
2
283
643714
643715
643722
3
1374
643712
643714
1
5
1356
643714
643715
2
1825
643712
643720
3
320
643712
643713
643715
1
292
643716
643753
1
2
9
777
643712
643713
643718
1
8
489
643712
643713
410
643712
643732
2
267
643712
643713
643740
1
2
1963
643712
643713
643716
2
257
643712
643713
3
7
299
643712
4
11488
643712
643713
23
53056
643712
643713
643714
1
260
1327
643712
643713
2
355
643712
643743
3
343
643712
1
455
643712
643714
1
15
295
643713
1
10
1451
643713
643714
1
3
2524
643712
643714
3
289
643712
643713
643740
1
775
643712
643713
2
4
939
222701
643712
643719
4
17
2856
643719
1
258
643712
1
290
643712
643723
1
916
643712
643734
10
1388
643712
643713
1
14
1928
643713
643714
643715
7
292
643712
3
1350
643712
643714
2
1472
643713
643714
643716
11
1430
643712
777
643712
643729
1
3
19
297
643712
643721
7
8
299
643712
643713
2
261
643712
1
2
803
643712
643713
1
317
643712
643721
3
2923
643712
643713
9
278
306539
643712
643741
1
276
643712
643713
1
410
643712
643713
2
1914
643712
1
4663
643712
265
643712
643718
1
1322
643712
643713
643714
1
294
643712
643713
643730
1
5802
643712
1
4
265
643713
643714
643715
3
257
643712
1
299
643712
643722
643738
262
643712
643714
1
2
5137
7
401
643712
643713
785
643712
1
30
1920
643712
643727
1
4
301
643712
643713
2
29
289
643712
643713
643714
1
2
307
643712
1
2
311
643712
643721
22
355
643712
643714
1
281
643712
643725
457
1
3
267
643712
643713
2
269
643712
643713
1
3
267
643712
643744
1
11
1794
643712
643713
34
450
643712
643759
13
1894
643712
643719
643720
1
360
643712
643713
643714
12
257
643712
1
770
643712
643718
332
643712
643713
2
6
262
643712
643732
2
3
6
1986
643714
643715
643716
1
6
258
643713
643715
7
370
643712
643715
1
260
643712
643722
33
270
643712
643730
11
318
643712
643738
2
353
643712
643713
643718
10420
643712
643717
2
8
272
643712
643720
10
2008
643712
4
381
643712
643713
643770
1
261
643712
1
4
15
335
643712
643724
1
2
987
643712
643713
776
643712
294
643712
643713
643722
3
281
643712
643715
3
302
643712
643714
3
311
643712
6
771
643712
643713
643716
1
359
643713
643721
5
257
643712
643713
643717
1
772
643712
643713
2
271
643712
643713
3
9
329
643712
643713
643714
3
333
643713
2
6
266
643712
643730
1
19
280
643712
643737
7
270
643712
643718
9
800
643712
643713
643714
643772
1
4
300
207178
643712
643713
4
877
643712
643714
2
4
956
643712
643713
1
355
643713
643718
299
643712
643713
2
2005
643712
643718
1
4
465
643712
643724
4
790
643712
2
2346
643712
643720
6
383
643712
884
643712
2
261
643712
643718
1
1293
643712
643725
3
269
643712
643713
5
271
643712
643713
4
1350
643712
643715
16
2485
643712
643719
4
286
643712
643715
1
323
643713
643724
1
1405
643712
2
390
643712
643713
1
1371
643712
643733
996
643712
5
291
643712
643715
3
21
2885
643712
643717
1
21
4821
643712
7
377
643723
1
5
5199
643712
643718
1
371
643712
643713
274
643712
643717
1
12
321
643712
643732
1
3566
643745
643746
643748
4
822
643712
643714
643715
18
292
643713
643716
1
2
266
643712
643726
1
2
339
643712
643713
643714
7
1824
643713
643715
7
11
366
538099
643715
643721
1
813
643712
4
296
643714
643715
643722
2
373
643712
643713
1
19
769
643712
643714
11
6185
643712
643754
2
785
643712
643715
3
349
643712
643713
2
266
643713
643772
2
1880
643712
643720
2
18
270
643712
643719
6
8
7757
643713
643714
643715
10
306
643712
643713
2
328
643712
643713
643748
1
21
3045
643712
18
881
643713
1
316
643712
643746
3
311
643715
643716
275
643712
643713
1
291
643712
643717
3
446
643712
643718
1
5
4820
535482
643712
643713
643714
360
643712
1
5
793
643712
643724
1
5
260
643713
643737
7
327
235835
643712
643713
1
15
334
643712
643716
2
266
643712
643713
1
1300
643712
2
306
643712
643713
643727
1
2
375
643712
643713
643745
6
289
643712
643714
643764
1
276
643712
643713
643719
1
4201
643712
643718
3
269
643712
643715
2
281
643713
29
30806
643712
643713
6
739
643712
643713
643717
1
319
643712
643713
643744
5
800
12603
643712
643724
